54
56
68
103
114
127
169
210
239
277
318
351
424
483
484
528
629
632
638
641
930
942
990
1026
1029
1040
1068
1082
1108
1194
1294
1296
1325
1394
1395
1407
1413
1424
1442
1452
1473
1505
1545
1580
1606
1608
1617
1650
1653
1716
1727
1791
1856
1972
1981
2022
2037
2043
2044
2046
2117
2202
2228
2297
2365
2385
2402
2528
2579
2709
2726
2769
2885
2971
3097
3198
3293
3303
3325
3326
3364
3378
3398
3421
3484
3491
3521
3569
3641
3694
3720
3736
3753
3764
3766
3769
3788
3801
3819
3868
3893
3957
3960
4045
4088
4125
4148
4151
4236
4337
4507
4509
4528
4695
4729
4760
4785
4798
4837
4898
